-100 -100 -100 7 13 7 12
891 3504
0 -3.5 0
2.3 -3.4 0
4.1 -3.1 0
5.7 -2.6 0
6.85 -2 0
8 -1 0
8.8 0 0
9.2 1.5 0
9 3 0
8.3 4.35 0
7.5 5.7 0
6.7 7.25 0
6.25 8.5 0
5.8 9.7 0
5.5 11 0
5.2 12.25 0
4.9 13.5 0
4.6 14.75 0
4.3 15.85 0
3.7 17 0
3 17.8 0
1.8 18.3 0
1 18.15 0
0 17.8 0
2.26506 -3.4 -0.399392
4.03771 -3.1 -0.711959
5.6134 -2.6 -0.989797
6.74593 -2 -1.18949
7.87846 -1 -1.38919
8.66631 0 -1.52811
9.06023 1.5 -1.59757
8.86327 3 -1.56284
8.1739 4.35 -1.44128
7.38606 5.7 -1.30236
6.59821 7.25 -1.16345
6.15505 8.5 -1.0853
5.71188 9.7 -1.00716
5.41644 11 -0.955067
5.121 12.25 -0.902973
4.82556 13.5 -0.850878
4.53012 14.75 -0.798783
4.23467 15.85 -0.746689
3.64379 17 -0.6425
2.95442 17.8 -0.520946
1.77265 18.3 -0.312567
0.984808 18.15 -0.173649
2.16129 -3.4 -0.786648
3.85274 -3.1 -1.40229
5.35625 -2.6 -1.94952
6.43689 -2 -2.34284
7.51754 -1 -2.73617
8.26929 0 -3.00978
8.64517 1.5 -3.14659
8.45723 3 -3.07819
7.79945 4.35 -2.83877
7.04769 5.7 -2.56516
6.29594 7.25 -2.29154
5.87308 8.5 -2.13763
5.45022 9.7 -1.98372
5.16831 11 -1.88111
4.8864 12.25 -1.77851
4.60449 13.5 -1.6759
4.32258 14.75 -1.5733
4.04068 15.85 -1.47069
3.47686 17 -1.26548
2.81908 17.8 -1.02606
1.69145 18.3 -0.615638
0.939692 18.15 -0.342021
1.99186 -3.4 -1.15
3.5507 -3.1 -2.05
4.93634 -2.6 -2.85001
5.93227 -2 -3.42501
6.9282 -1 -4.00001
7.62102 0 -4.40001
7.96743 1.5 -4.60001
7.79422 3 -4.50001
7.18801 4.35 -4.15001
6.49519 5.7 -3.75001
5.80237 7.25 -3.35001
5.41265 8.5 -3.12501
5.02294 9.7 -2.90001
4.76314 11 -2.75001
4.50333 12.25 -2.60001
4.24352 13.5 -2.45001
3.98371 14.75 -2.3
3.72391 15.85 -2.15
3.20429 17 -1.85
2.59807 17.8 -1.5
1.55884 18.3 -0.900002
0.866025 18.15 -0.500001
1.7619 -3.4 -1.47841
3.14078 -3.1 -2.63543
4.36645 -2.6 -3.6639
5.2474 -2 -4.4031
6.12835 -1 -5.14231
6.74118 0 -5.65654
7.0476 1.5 -5.91366
6.89439 3 -5.7851
6.35816 4.35 -5.33515
5.74533 5.7 -4.82092
5.13249 7.25 -4.30669
4.78777 8.5 -4.01743
4.44305 9.7 -3.72818
4.21324 11 -3.53534
3.98343 12.25 -3.3425
3.75361 13.5 -3.14967
3.5238 14.75 -2.95683
3.29399 15.85 -2.76399
2.83436 17 -2.37832
2.29813 17.8 -1.92837
1.37888 18.3 -1.15702
0.766043 18.15 -0.642789
1.47841 -3.4 -1.76191
2.63542 -3.1 -3.14079
3.66388 -2.6 -4.36646
4.40308 -2 -5.24741
5.14229 -1 -6.12837
5.65652 0 -6.7412
5.91363 1.5 -7.04762
5.78507 3 -6.89441
5.33512 4.35 -6.35818
4.8209 5.7 -5.74534
4.30667 7.25 -5.13251
4.01741 8.5 -4.78779
3.72816 9.7 -4.44307
3.53532 11 -4.21325
3.34249 12.25 -3.98344
3.14965 13.5 -3.75362
2.95682 14.75 -3.52381
2.76398 15.85 -3.294
2.37831 17 -2.83437
1.92836 17.8 -2.29814
1.15701 18.3 -1.37888
0.642786 18.15 -0.766046
1.15 -3.4 -1.99186
2.04999 -3.1 -3.55071
2.84999 -2.6 -4.93635
3.42499 -2 -5.93228
3.99998 -1 -6.92821
4.39998 0 -7.62103
4.59998 1.5 -7.96744
4.49998 3 -7.79424
4.14998 4.35 -7.18802
3.74998 5.7 -6.4952
3.34999 7.25 -5.80238
3.12499 8.5 -5.41267
2.89999 9.7 -5.02295
2.74999 11 -4.76315
2.59999 12.25 -4.50334
2.44999 13.5 -4.24353
2.29999 14.75 -3.98372
2.14999 15.85 -3.72391
1.84999 17 -3.2043
1.49999 17.8 -2.59808
0.899996 18.3 -1.55885
0.499998 18.15 -0.866027
0.78664 -3.4 -2.1613
1.40227 -3.1 -3.85274
1.9495 -2.6 -5.35625
2.34282 -2 -6.4369
2.73614 -1 -7.51755
3.00975 0 -8.2693
3.14656 1.5 -8.64518
3.07816 3 -8.45724
2.83875 4.35 -7.79946
2.56513 5.7 -7.0477
2.29152 7.25 -6.29595
2.13761 8.5 -5.87309
1.9837 9.7 -5.45022
1.8811 11 -5.16831
1.77849 12.25 -4.88641
1.67589 13.5 -4.6045
1.57328 14.75 -4.32259
1.47068 15.85 -4.04068
1.26546 17 -3.47687
1.02605 17.8 -2.81908
0.615631 18.3 -1.69145
0.342017 18.15 -0.939694
0.399383 -3.4 -2.26506
0.711944 -3.1 -4.03771
0.989776 -2.6 -5.61341
1.18947 -2 -6.74594
1.38916 -1 -7.87847
1.52808 0 -8.66631
1.59753 1.5 -9.06024
1.5628 3 -8.86327
1.44125 4.35 -8.17391
1.30234 5.7 -7.38606
1.16342 7.25 -6.59822
1.08528 8.5 -6.15505
1.00714 9.7 -5.71189
0.955047 11 -5.41645
0.902954 12.25 -5.121
0.85086 13.5 -4.82556
0.798767 14.75 -4.53012
0.746673 15.85 -4.23468
0.642486 17 -3.64379
0.520935 17.8 -2.95443
0.312561 18.3 -1.77266
0.173645 18.15 -0.984808
-9e-06 -3.4 -2.3
-1.5e-05 -3.1 -4.1
-2.1e-05 -2.6 -5.7
-2.6e-05 -2 -6.85
-3e-05 -1 -8
-3.3e-05 0 -8.8
-3.4e-05 1.5 -9.2
-3.4e-05 3 -9
-3.1e-05 4.35 -8.3
-2.8e-05 5.7 -7.5
-2.5e-05 7.25 -6.7
-2.3e-05 8.5 -6.25
-2.2e-05 9.7 -5.8
-2.1e-05 11 -5.5
-1.9e-05 12.25 -5.2
-1.8e-05 13.5 -4.9
-1.7e-05 14.75 -4.6
-1.6e-05 15.85 -4.3
-1.4e-05 17 -3.7
-1.1e-05 17.8 -3
-7e-06 18.3 -1.8
-4e-06 18.15 -1
-0.3994 -3.4 -2.26506
-0.711974 -3.1 -4.03771
-0.989818 -2.6 -5.6134
-1.18952 -2 -6.74593
-1.38922 -1 -7.87846
-1.52814 0 -8.6663
-1.5976 1.5 -9.06022
-1.56287 3 -8.86326
-1.44131 4.35 -8.1739
-1.30239 5.7 -7.38605
-1.16347 7.25 -6.59821
-1.08533 8.5 -6.15504
-1.00718 9.7 -5.71188
-0.955088 11 -5.41644
-0.902992 12.25 -5.121
-0.850896 13.5 -4.82555
-0.798801 14.75 -4.53011
-0.746705 15.85 -4.23467
-0.642514 17 -3.64379
-0.520957 17.8 -2.95442
-0.312574 18.3 -1.77265
-0.173652 18.15 -0.984807
-0.786656 -3.4 -2.16129
-1.4023 -3.1 -3.85273
-1.94954 -2.6 -5.35624
-2.34287 -2 -6.43688
-2.7362 -1 -7.51753
-3.00982 0 -8.26928
-3.14663 1.5 -8.64516
-3.07822 3 -8.45722
-2.8388 4.35 -7.79944
-2.56518 5.7 -7.04768
-2.29156 7.25 -6.29593
-2.13765 8.5 -5.87307
-1.98374 9.7 -5.45021
-1.88113 11 -5.1683
-1.77853 12.25 -4.88639
-1.67592 13.5 -4.60449
-1.57331 14.75 -4.32258
-1.47071 15.85 -4.04067
-1.26549 17 -3.47686
-1.02607 17.8 -2.81907
-0.615644 18.3 -1.69144
-0.342024 18.15 -0.939691
-1.15001 -3.4 -1.99185
-2.05002 -3.1 -3.55069
-2.85003 -2.6 -4.93633
-3.42503 -2 -5.93226
-4.00004 -1 -6.92818
-4.40004 0 -7.621
-4.60004 1.5 -7.96741
-4.50004 3 -7.79421
-4.15004 4.35 -7.18799
-3.75003 5.7 -6.49517
-3.35003 7.25 -5.80235
-3.12503 8.5 -5.41264
-2.90003 9.7 -5.02293
-2.75002 11 -4.76313
-2.60002 12.25 -4.50332
-2.45002 13.5 -4.24351
-2.30002 14.75 -3.98371
-2.15002 15.85 -3.7239
-1.85002 17 -3.20428
-1.50001 17.8 -2.59807
-0.900008 18.3 -1.55884
-0.500004 18.15 -0.866023
-1.47842 -3.4 -1.76189
-2.63545 -3.1 -3.14077
-3.66391 -2.6 -4.36643
-4.40312 -2 -5.24738
-5.14233 -1 -6.12833
-5.65657 0 -6.74116
-5.91368 1.5 -7.04758
-5.78513 3 -6.89437
-5.33517 4.35 -6.35814
-4.82094 5.7 -5.74531
-4.30671 7.25 -5.13247
-4.01745 8.5 -4.78776
-3.72819 9.7 -4.44304
-3.53535 11 -4.21322
-3.34252 12.25 -3.98341
-3.14968 13.5 -3.7536
-2.95684 14.75 -3.52379
-2.764 15.85 -3.29398
-2.37833 17 -2.83435
-1.92838 17.8 -2.29812
-1.15703 18.3 -1.37887
-0.642792 18.15 -0.766041
-1.76191 -3.4 -1.4784
-3.1408 -3.1 -2.63541
-4.36648 -2.6 -3.66386
-5.24743 -2 -4.40306
-6.12839 -1 -5.14226
-6.74122 0 -5.65649
-7.04764 1.5 -5.9136
-6.89443 3 -5.78505
-6.3582 4.35 -5.3351
-5.74536 5.7 -4.82087
-5.13252 7.25 -4.30665
-4.7878 8.5 -4.01739
-4.44308 9.7 -3.72814
-4.21327 11 -3.53531
-3.98345 12.25 -3.34247
-3.75364 13.5 -3.14964
-3.52382 14.75 -2.9568
-3.29401 15.85 -2.76397
-2.83438 17 -2.3783
-2.29814 17.8 -1.92835
-1.37889 18.3 -1.15701
-0.766048 18.15 -0.642783
-1.99187 -3.4 -1.14999
-3.55072 -3.1 -2.04998
-4.93636 -2.6 -2.84997
-5.9323 -2 -3.42496
-6.92823 -1 -3.99996
-7.62105 0 -4.39995
-7.96746 1.5 -4.59995
-7.79426 3 -4.49995
-7.18804 4.35 -4.14995
-6.49521 5.7 -3.74996
-5.80239 7.25 -3.34996
-5.41268 8.5 -3.12497
-5.02297 9.7 -2.89997
-4.76316 11 -2.74997
-4.50335 12.25 -2.59997
-4.24354 13.5 -2.44997
-3.98373 14.75 -2.29997
-3.72392 15.85 -2.14998
-3.20431 17 -1.84998
-2.59809 17.8 -1.49998
-1.55885 18.3 -0.89999
-0.866029 18.15 -0.499994
-2.1613 -3.4 -0.786632
-3.85275 -3.1 -1.40226
-5.35626 -2.6 -1.94948
-6.43691 -2 -2.34279
-7.51756 -1 -2.73611
-8.26932 0 -3.00972
-8.64519 1.5 -3.14653
-8.45725 3 -3.07812
-7.79947 4.35 -2.83871
-7.04771 5.7 -2.5651
-6.29596 7.25 -2.29149
-5.87309 8.5 -2.13759
-5.45023 9.7 -1.98368
-5.16832 11 -1.88108
-4.88641 12.25 -1.77847
-4.60451 13.5 -1.67587
-4.3226 14.75 -1.57326
-4.04069 15.85 -1.47066
-3.47687 17 -1.26545
-2.81908 17.8 -1.02604
-1.69145 18.3 -0.615625
-0.939695 18.15 -0.342014
-2.26506 -3.4 -0.399374
-4.03772 -3.1 -0.711928
-5.61341 -2.6 -0.989754
-6.74594 -2 -1.18944
-7.87847 -1 -1.38913
-8.66632 0 -1.52804
-9.06024 1.5 -1.5975
-8.86328 3 -1.56277
-8.17391 4.35 -1.44122
-7.38607 5.7 -1.30231
-6.59822 7.25 -1.16339
-6.15506 8.5 -1.08526
-5.71189 9.7 -1.00712
-5.41645 11 -0.955026
-5.12101 12.25 -0.902933
-4.82556 13.5 -0.850841
-4.53012 14.75 -0.798749
-4.23468 15.85 -0.746656
-3.64379 17 -0.642472
-2.95443 17.8 -0.520923
-1.77266 18.3 -0.312554
-0.984809 18.15 -0.173641
-2.3 -3.4 1.8e-05
-4.1 -3.1 3.2e-05
-5.7 -2.6 4.4e-05
-6.85 -2 5.3e-05
-8 -1 6.2e-05
-8.8 0 6.8e-05
-9.2 1.5 7.1e-05
-9 3 6.9e-05
-8.3 4.35 6.4e-05
-7.5 5.7 5.8e-05
-6.7 7.25 5.2e-05
-6.25 8.5 4.8e-05
-5.8 9.7 4.5e-05
-5.5 11 4.2e-05
-5.2 12.25 4e-05
-4.9 13.5 3.8e-05
-4.6 14.75 3.5e-05
-4.3 15.85 3.3e-05
-3.7 17 2.9e-05
-3 17.8 2.3e-05
-1.8 18.3 1.4e-05
-1 18.15 8e-06
-2.26505 -3.4 0.399409
-4.03771 -3.1 0.71199
-5.6134 -2.6 0.98984
-6.74592 -2 1.18955
-7.87845 -1 1.38925
-8.6663 0 1.52817
-9.06022 1.5 1.59764
-8.86326 3 1.56291
-8.17389 4.35 1.44135
-7.38605 5.7 1.30242
-6.5982 7.25 1.1635
-6.15504 8.5 1.08535
-5.71188 9.7 1.00721
-5.41643 11 0.955109
-5.12099 12.25 0.903012
-4.82555 13.5 0.850915
-4.53011 14.75 0.798819
-4.23467 15.85 0.746722
-3.64378 17 0.642528
-2.95442 17.8 0.520969
-1.77265 18.3 0.312581
-0.984806 18.15 0.173656
-2.16129 -3.4 0.786665
-3.85273 -3.1 1.40232
-5.35623 -2.6 1.94956
-6.43687 -2 2.34289
-7.51752 -1 2.73623
-8.26927 0 3.00985
-8.64515 1.5 3.14666
-8.45721 3 3.07825
-7.79942 4.35 2.83883
-7.04767 5.7 2.56521
-6.29592 7.25 2.29159
-5.87306 8.5 2.13768
-5.4502 9.7 1.98376
-5.16829 11 1.88116
-4.88639 12.25 1.77855
-4.60448 13.5 1.67594
-4.32257 14.75 1.57333
-4.04067 15.85 1.47072
-3.47685 17 1.2655
-2.81907 17.8 1.02608
-1.69144 18.3 0.615651
-0.93969 18.15 0.342028
-1.99185 -3.4 1.15002
-3.55069 -3.1 2.05003
-4.93632 -2.6 2.85004
-5.93224 -2 3.42505
-6.92817 -1 4.00006
-7.62098 0 4.40007
-7.96739 1.5 4.60007
-7.79419 3 4.50007
-7.18797 4.35 4.15006
-6.49516 5.7 3.75006
-5.80234 7.25 3.35005
-5.41263 8.5 3.12505
-5.02292 9.7 2.90005
-4.76311 11 2.75004
-4.50331 12.25 2.60004
-4.2435 13.5 2.45004
-3.9837 14.75 2.30004
-3.72389 15.85 2.15003
-3.20428 17 1.85003
-2.59806 17.8 1.50002
-1.55884 18.3 0.900014
-0.866021 18.15 0.500008
-1.76189 -3.4 1.47843
-3.14076 -3.1 2.63546
-4.36642 -2.6 3.66393
-5.24736 -2 4.40314
-6.12831 -1 5.14236
-6.74114 0 5.6566
-7.04755 1.5 5.91371
-6.89435 3 5.78515
-6.35812 4.35 5.3352
-5.74529 5.7 4.82096
-5.13246 7.25 4.30673
-4.78774 8.5 4.01747
-4.44302 9.7 3.72821
-4.21321 11 3.53537
-3.9834 12.25 3.34253
-3.75359 13.5 3.1497
-3.52378 14.75 2.95686
-3.29397 15.85 2.76402
-2.83434 17 2.37834
-2.29812 17.8 1.92838
-1.37887 18.3 1.15703
-0.766038 18.15 0.642795
-1.47839 -3.4 1.76192
-2.6354 -3.1 3.14081
-3.66385 -2.6 4.36649
-4.40304 -2 5.24745
-5.14224 -1 6.12841
-5.65647 0 6.74125
-5.91358 1.5 7.04767
-5.78502 3 6.89446
-5.33508 4.35 6.35822
-4.82085 5.7 5.74538
-4.30663 7.25 5.13254
-4.01738 8.5 4.78782
-3.72813 9.7 4.44309
-3.53529 11 4.21328
-3.34246 12.25 3.98346
-3.14962 13.5 3.75365
-2.95679 14.75 3.52383
-2.76395 15.85 3.29402
-2.37829 17 2.83439
-1.92834 17.8 2.29815
-1.157 18.3 1.37889
-0.64278 18.15 0.766051
-1.14998 -3.4 1.99187
-2.04996 -3.1 3.55072
-2.84995 -2.6 4.93637
-3.42494 -2 5.93231
-3.99993 -1 6.92824
-4.39992 0 7.62107
-4.59992 1.5 7.96748
-4.49992 3 7.79427
-4.14993 4.35 7.18805
-3.74993 5.7 6.49523
-3.34994 7.25 5.8024
-3.12495 8.5 5.41269
-2.89995 9.7 5.02298
-2.74995 11 4.76317
-2.59995 12.25 4.50336
-2.44996 13.5 4.24355
-2.29996 14.75 3.98374
-2.14996 15.85 3.72393
-1.84997 17 3.20431
-1.49997 17.8 2.59809
-0.899984 18.3 1.55885
-0.499991 18.15 0.86603
-0.786623 -3.4 2.1613
-1.40224 -3.1 3.85275
-1.94946 -2.6 5.35627
-2.34277 -2 6.43692
-2.73608 -1 7.51757
-3.00969 0 8.26933
-3.14649 1.5 8.64521
-3.07809 3 8.45727
-2.83868 4.35 7.79948
-2.56508 5.7 7.04772
-2.29147 7.25 6.29597
-2.13756 8.5 5.8731
-1.98366 9.7 5.45024
-1.88106 11 5.16833
-1.77845 12.25 4.88642
-1.67585 13.5 4.60451
-1.57325 14.75 4.3226
-1.47064 15.85 4.04069
-1.26544 17 3.47688
-1.02603 17.8 2.81909
-0.615618 18.3 1.69145
-0.34201 18.15 0.939696
-0.399366 -3.4 2.26506
-0.711913 -3.1 4.03772
-0.989733 -2.6 5.61342
-1.18942 -2 6.74595
-1.3891 -1 7.87848
-1.52801 0 8.66632
-1.59746 1.5 9.06025
-1.56274 3 8.86329
-1.44119 4.35 8.17392
-1.30228 5.7 7.38607
-1.16337 7.25 6.59822
-1.08523 8.5 6.15506
-1.0071 9.7 5.7119
-0.955005 11 5.41645
-0.902914 12.25 5.12101
-0.850823 13.5 4.82557
-0.798732 14.75 4.53012
-0.746641 15.85 4.23468
-0.642458 17 3.6438
-0.520912 17.8 2.95443
-0.312547 18.3 1.77266
-0.173637 18.15 0.98481
2.6e-05 -3.4 2.3
4.7e-05 -3.1 4.1
6.5e-05 -2.6 5.7
7.8e-05 -2 6.85
9.2e-05 -1 8
0.000101 0 8.8
0.000105 1.5 9.2
0.000103 3 9
9.5e-05 4.35 8.3
8.6e-05 5.7 7.5
7.7e-05 7.25 6.7
7.2e-05 8.5 6.25
6.6e-05 9.7 5.8
6.3e-05 11 5.5
6e-05 12.25 5.2
5.6e-05 13.5 4.9
5.3e-05 14.75 4.6
4.9e-05 15.85 4.3
4.2e-05 17 3.7
3.4e-05 17.8 3
2.1e-05 18.3 1.8
1.1e-05 18.15 1
0.399418 -3.4 2.26505
0.712006 -3.1 4.0377
0.989861 -2.6 5.61339
1.18957 -2 6.74592
1.38928 -1 7.87845
1.52821 0 8.66629
1.59767 1.5 9.06021
1.56294 3 8.86325
1.44138 4.35 8.17389
1.30245 5.7 7.38604
1.16352 7.25 6.5982
1.08537 8.5 6.15504
1.00723 9.7 5.71187
0.955129 11 5.41643
0.903031 12.25 5.12099
0.850933 13.5 4.82555
0.798835 14.75 4.53011
0.746738 15.85 4.23466
0.642542 17 3.64378
0.52098 17.8 2.95442
0.312588 18.3 1.77265
0.17366 18.15 0.984806
0.786673 -3.4 2.16128
1.40233 -3.1 3.85272
1.94958 -2.6 5.35622
2.34292 -2 6.43687
2.73625 -1 7.51751
3.00988 0 8.26926
3.14669 1.5 8.64513
3.07829 3 8.4572
2.83886 4.35 7.79941
2.56524 5.7 7.04766
2.29161 7.25 6.29591
2.1377 8.5 5.87305
1.98378 9.7 5.45019
1.88117 11 5.16829
1.77857 12.25 4.88638
1.67596 13.5 4.60447
1.57335 14.75 4.32257
1.47074 15.85 4.04066
1.26552 17 3.47685
1.0261 17.8 2.81907
0.615657 18.3 1.69144
0.342032 18.15 0.939688
1.15003 -3.4 1.99184
2.05005 -3.1 3.55068
2.85006 -2.6 4.93631
3.42508 -2 5.93223
4.00009 -1 6.92815
4.4001 0 7.62097
4.6001 1.5 7.96737
4.5001 3 7.79417
4.15009 4.35 7.18796
3.75008 5.7 6.49514
3.35007 7.25 5.80233
3.12507 8.5 5.41262
2.90006 9.7 5.02291
2.75006 11 4.7631
2.60006 12.25 4.5033
2.45005 13.5 4.24349
2.30005 14.75 3.98369
2.15005 15.85 3.72388
1.85004 17 3.20427
1.50003 17.8 2.59806
0.90002 18.3 1.55883
0.500011 18.15 0.866019
1.47843 -3.4 1.76188
2.63547 -3.1 3.14075
3.66395 -2.6 4.36641
4.40316 -2 5.24735
5.14238 -1 6.12829
5.65662 0 6.74112
5.91374 1.5 7.04753
5.78518 3 6.89432
5.33522 4.35 6.3581
4.82098 5.7 5.74527
4.30675 7.25 5.13244
4.01749 8.5 4.78772
3.72823 9.7 4.44301
3.53539 11 4.2132
3.34255 12.25 3.98339
3.14971 13.5 3.75358
2.95687 14.75 3.52377
2.76403 15.85 3.29395
2.37835 17 2.83433
1.92839 17.8 2.29811
1.15704 18.3 1.37886
0.642798 18.15 0.766036
1.76192 -3.4 1.47839
3.14082 -3.1 2.63539
4.3665 -2.6 3.66383
5.24746 -2 4.40302
6.12843 -1 5.14222
6.74127 0 5.65644
7.04769 1.5 5.91355
6.89448 3 5.78499
6.35824 4.35 5.33505
5.7454 5.7 4.82083
5.13256 7.25 4.30661
4.78783 8.5 4.01736
4.44311 9.7 3.72811
4.21329 11 3.53527
3.98348 12.25 3.34244
3.75366 13.5 3.14961
3.52384 14.75 2.95677
3.29403 15.85 2.76394
2.8344 17 2.37828
2.29816 17.8 1.92833
1.3789 18.3 1.157
0.766053 18.15 0.642777
1.99187 -3.4 1.14997
3.55073 -3.1 2.04995
4.93639 -2.6 2.84993
5.93232 -2 3.42492
6.92826 -1 3.9999
7.62109 0 4.39989
7.9675 1.5 4.59989
7.79429 3 4.49989
7.18807 4.35 4.1499
6.49524 5.7 3.74991
5.80242 7.25 3.34992
5.4127 8.5 3.12492
5.02299 9.7 2.89993
4.76318 11 2.74993
4.50337 12.25 2.59994
4.24356 13.5 2.44994
3.98375 14.75 2.29994
3.72394 15.85 2.14995
3.20432 17 1.84995
2.5981 17.8 1.49996
1.55886 18.3 0.899978
0.866032 18.15 0.499988
2.1613 -3.4 0.786615
3.85276 -3.1 1.40223
5.35628 -2.6 1.94944
6.43693 -2 2.34274
7.51758 -1 2.73605
8.26934 0 3.00966
8.64522 1.5 3.14646
8.45728 3 3.07806
7.79949 4.35 2.83865
7.04773 5.7 2.56505
6.29597 7.25 2.29144
5.87311 8.5 2.13754
5.45025 9.7 1.98364
5.16834 11 1.88104
4.88643 12.25 1.77843
4.60452 13.5 1.67583
4.32261 14.75 1.57323
4.0407 15.85 1.47063
3.47688 17 1.26542
2.81909 17.8 1.02602
1.69146 18.3 0.615612
0.939698 18.15 0.342006
2.26506 -3.4 0.399357
4.03772 -3.1 0.711897
5.61342 -2.6 0.989711
6.74595 -2 1.18939
7.87848 -1 1.38907
8.66633 0 1.52797
9.06026 1.5 1.59743
8.86329 3 1.5627
8.17393 4.35 1.44116
7.38608 5.7 1.30225
6.59823 7.25 1.16334
6.15506 8.5 1.08521
5.7119 9.7 1.00707
5.41646 11 0.954984
5.12101 12.25 0.902894
4.82557 13.5 0.850804
4.53013 14.75 0.798714
4.23468 15.85 0.746624
3.6438 17 0.642444
2.95443 17.8 0.5209
1.77266 18.3 0.31254
0.98481 18.15 0.173633
0.3 17.5 0
0.5 19 0
0.8 20.5 0
0.289778 17.5 -0.077646
0.482963 19 -0.12941
0.772741 20.5 -0.207056
0.259807 17.5 -0.15
0.433012 19 -0.250001
0.69282 20.5 -0.400001
0.212132 17.5 -0.212132
0.353553 19 -0.353554
0.565684 20.5 -0.565686
0.149999 17.5 -0.259808
0.249999 19 -0.433013
0.399998 20.5 -0.692821
0.077645 17.5 -0.289778
0.129408 19 -0.482963
0.207053 20.5 -0.772741
-1e-06 17.5 -0.3
-2e-06 19 -0.5
-3e-06 20.5 -0.8
-0.077647 17.5 -0.289777
-0.129412 19 -0.482962
-0.207059 20.5 -0.77274
-0.150001 17.5 -0.259807
-0.250002 19 -0.433011
-0.400004 20.5 -0.692818
-0.212133 17.5 -0.212131
-0.353555 19 -0.353551
-0.565689 20.5 -0.565682
-0.259809 17.5 -0.149998
-0.433014 19 -0.249997
-0.692823 20.5 -0.399996
-0.289778 17.5 -0.077644
-0.482964 19 -0.129406
-0.772742 20.5 -0.20705
-0.3 17.5 2e-06
-0.5 19 4e-06
-0.8 20.5 6e-06
-0.289777 17.5 0.077648
-0.482962 19 0.129414
-0.772739 20.5 0.207062
-0.259806 17.5 0.150002
-0.43301 19 0.250004
-0.692817 20.5 0.400006
-0.21213 17.5 0.212134
-0.35355 19 0.353557
-0.56568 20.5 0.565691
-0.149997 17.5 0.259809
-0.249996 19 0.433015
-0.399993 20.5 0.692824
-0.077643 17.5 0.289779
-0.129404 19 0.482964
-0.207047 20.5 0.772743
3e-06 17.5 0.3
5e-06 19 0.5
9e-06 20.5 0.8
0.077649 17.5 0.289777
0.129415 19 0.482961
0.207064 20.5 0.772738
0.150003 17.5 0.259806
0.250005 19 0.43301
0.400008 20.5 0.692816
0.212135 17.5 0.212129
0.353558 19 0.353549
0.565692 20.5 0.565679
0.25981 17.5 0.149997
0.433016 19 0.249995
0.692825 20.5 0.399991
0.289779 17.5 0.077642
0.482965 19 0.129403
0.772743 20.5 0.207045
0.8 20.5 0
0 20.2 0
0.772741 20.5 -0.207056
0.69282 20.5 -0.400001
0.565684 20.5 -0.565686
0.399998 20.5 -0.692821
0.207053 20.5 -0.772741
-3e-06 20.5 -0.8
-0.207059 20.5 -0.77274
-0.400004 20.5 -0.692818
-0.565689 20.5 -0.565682
-0.692823 20.5 -0.399996
-0.772742 20.5 -0.20705
-0.8 20.5 6e-06
-0.772739 20.5 0.207062
-0.692817 20.5 0.400006
-0.56568 20.5 0.565691
-0.399993 20.5 0.692824
-0.207047 20.5 0.772743
9e-06 20.5 0.8
0.207064 20.5 0.772738
0.400008 20.5 0.692816
0.565692 20.5 0.565679
0.692825 20.5 0.399991
0.772743 20.5 0.207045
1 2
2 25
25 1
2 3
3 26
26 25
25 2
3 4
4 27
27 26
26 3
4 5
5 28
28 27
27 4
5 6
6 29
29 28
28 5
6 7
7 30
30 29
29 6
7 8
8 31
31 30
30 7
8 9
9 32
32 31
31 8
9 10
10 33
33 32
32 9
10 11
11 34
34 33
33 10
11 12
12 35
35 34
34 11
12 13
13 36
36 35
35 12
13 14
14 37
37 36
36 13
14 15
15 38
38 37
37 14
15 16
16 39
39 38
38 15
16 17
17 40
40 39
39 16
17 18
18 41
41 40
40 17
18 19
19 42
42 41
41 18
19 20
20 43
43 42
42 19
20 21
21 44
44 43
43 20
21 22
22 45
45 44
44 21
22 23
23 46
46 45
45 22
23 24
24 46
46 23
1 25
25 47
47 1
25 26
26 48
48 47
47 25
26 27
27 49
49 48
48 26
27 28
28 50
50 49
49 27
28 29
29 51
51 50
50 28
29 30
30 52
52 51
51 29
30 31
31 53
53 52
52 30
31 32
32 54
54 53
53 31
32 33
33 55
55 54
54 32
33 34
34 56
56 55
55 33
34 35
35 57
57 56
56 34
35 36
36 58
58 57
57 35
36 37
37 59
59 58
58 36
37 38
38 60
60 59
59 37
38 39
39 61
61 60
60 38
39 40
40 62
62 61
61 39
40 41
41 63
63 62
62 40
41 42
42 64
64 63
63 41
42 43
43 65
65 64
64 42
43 44
44 66
66 65
65 43
44 45
45 67
67 66
66 44
45 46
46 68
68 67
67 45
46 24
24 68
68 46
1 47
47 69
69 1
47 48
48 70
70 69
69 47
48 49
49 71
71 70
70 48
49 50
50 72
72 71
71 49
50 51
51 73
73 72
72 50
51 52
52 74
74 73
73 51
52 53
53 75
75 74
74 52
53 54
54 76
76 75
75 53
54 55
55 77
77 76
76 54
55 56
56 78
78 77
77 55
56 57
57 79
79 78
78 56
57 58
58 80
80 79
79 57
58 59
59 81
81 80
80 58
59 60
60 82
82 81
81 59
60 61
61 83
83 82
82 60
61 62
62 84
84 83
83 61
62 63
63 85
85 84
84 62
63 64
64 86
86 85
85 63
64 65
65 87
87 86
86 64
65 66
66 88
88 87
87 65
66 67
67 89
89 88
88 66
67 68
68 90
90 89
89 67
68 24
24 90
90 68
1 69
69 91
91 1
69 70
70 92
92 91
91 69
70 71
71 93
93 92
92 70
71 72
72 94
94 93
93 71
72 73
73 95
95 94
94 72
73 74
74 96
96 95
95 73
74 75
75 97
97 96
96 74
75 76
76 98
98 97
97 75
76 77
77 99
99 98
98 76
77 78
78 100
100 99
99 77
78 79
79 101
101 100
100 78
79 80
80 102
102 101
101 79
80 81
81 103
103 102
102 80
81 82
82 104
104 103
103 81
82 83
83 105
105 104
104 82
83 84
84 106
106 105
105 83
84 85
85 107
107 106
106 84
85 86
86 108
108 107
107 85
86 87
87 109
109 108
108 86
87 88
88 110
110 109
109 87
88 89
89 111
111 110
110 88
89 90
90 112
112 111
111 89
90 24
24 112
112 90
1 91
91 113
113 1
91 92
92 114
114 113
113 91
92 93
93 115
115 114
114 92
93 94
94 116
116 115
115 93
94 95
95 117
117 116
116 94
95 96
96 118
118 117
117 95
96 97
97 119
119 118
118 96
97 98
98 120
120 119
119 97
98 99
99 121
121 120
120 98
99 100
100 122
122 121
121 99
100 101
101 123
123 122
122 100
101 102
102 124
124 123
123 101
102 103
103 125
125 124
124 102
103 104
104 126
126 125
125 103
104 105
105 127
127 126
126 104
105 106
106 128
128 127
127 105
106 107
107 129
129 128
128 106
107 108
108 130
130 129
129 107
108 109
109 131
131 130
130 108
109 110
110 132
132 131
131 109
110 111
111 133
133 132
132 110
111 112
112 134
134 133
133 111
112 24
24 134
134 112
1 113
113 135
135 1
113 114
114 136
136 135
135 113
114 115
115 137
137 136
136 114
115 116
116 138
138 137
137 115
116 117
117 139
139 138
138 116
117 118
118 140
140 139
139 117
118 119
119 141
141 140
140 118
119 120
120 142
142 141
141 119
120 121
121 143
143 142
142 120
121 122
122 144
144 143
143 121
122 123
123 145
145 144
144 122
123 124
124 146
146 145
145 123
124 125
125 147
147 146
146 124
125 126
126 148
148 147
147 125
126 127
127 149
149 148
148 126
127 128
128 150
150 149
149 127
128 129
129 151
151 150
150 128
129 130
130 152
152 151
151 129
130 131
131 153
153 152
152 130
131 132
132 154
154 153
153 131
132 133
133 155
155 154
154 132
133 134
134 156
156 155
155 133
134 24
24 156
156 134
1 135
135 157
157 1
135 136
136 158
158 157
157 135
136 137
137 159
159 158
158 136
137 138
138 160
160 159
159 137
138 139
139 161
161 160
160 138
139 140
140 162
162 161
161 139
140 141
141 163
163 162
162 140
141 142
142 164
164 163
163 141
142 143
143 165
165 164
164 142
143 144
144 166
166 165
165 143
144 145
145 167
167 166
166 144
145 146
146 168
168 167
167 145
146 147
147 169
169 168
168 146
147 148
148 170
170 169
169 147
148 149
149 171
171 170
170 148
149 150
150 172
172 171
171 149
150 151
151 173
173 172
172 150
151 152
152 174
174 173
173 151
152 153
153 175
175 174
174 152
153 154
154 176
176 175
175 153
154 155
155 177
177 176
176 154
155 156
156 178
178 177
177 155
156 24
24 178
178 156
1 157
157 179
179 1
157 158
158 180
180 179
179 157
158 159
159 181
181 180
180 158
159 160
160 182
182 181
181 159
160 161
161 183
183 182
182 160
161 162
162 184
184 183
183 161
162 163
163 185
185 184
184 162
163 164
164 186
186 185
185 163
164 165
165 187
187 186
186 164
165 166
166 188
188 187
187 165
166 167
167 189
189 188
188 166
167 168
168 190
190 189
189 167
168 169
169 191
191 190
190 168
169 170
170 192
192 191
191 169
170 171
171 193
193 192
192 170
171 172
172 194
194 193
193 171
172 173
173 195
195 194
194 172
173 174
174 196
196 195
195 173
174 175
175 197
197 196
196 174
175 176
176 198
198 197
197 175
176 177
177 199
199 198
198 176
177 178
178 200
200 199
199 177
178 24
24 200
200 178
1 179
179 201
201 1
179 180
180 202
202 201
201 179
180 181
181 203
203 202
202 180
181 182
182 204
204 203
203 181
182 183
183 205
205 204
204 182
183 184
184 206
206 205
205 183
184 185
185 207
207 206
206 184
185 186
186 208
208 207
207 185
186 187
187 209
209 208
208 186
187 188
188 210
210 209
209 187
188 189
189 211
211 210
210 188
189 190
190 212
212 211
211 189
190 191
191 213
213 212
212 190
191 192
192 214
214 213
213 191
192 193
193 215
215 214
214 192
193 194
194 216
216 215
215 193
194 195
195 217
217 216
216 194
195 196
196 218
218 217
217 195
196 197
197 219
219 218
218 196
197 198
198 220
220 219
219 197
198 199
199 221
221 220
220 198
199 200
200 222
222 221
221 199
200 24
24 222
222 200
1 201
201 223
223 1
201 202
202 224
224 223
223 201
202 203
203 225
225 224
224 202
203 204
204 226
226 225
225 203
204 205
205 227
227 226
226 204
205 206
206 228
228 227
227 205
206 207
207 229
229 228
228 206
207 208
208 230
230 229
229 207
208 209
209 231
231 230
230 208
209 210
210 232
232 231
231 209
210 211
211 233
233 232
232 210
211 212
212 234
234 233
233 211
212 213
213 235
235 234
234 212
213 214
214 236
236 235
235 213
214 215
215 237
237 236
236 214
215 216
216 238
238 237
237 215
216 217
217 239
239 238
238 216
217 218
218 240
240 239
239 217
218 219
219 241
241 240
240 218
219 220
220 242
242 241
241 219
220 221
221 243
243 242
242 220
221 222
222 244
244 243
243 221
222 24
24 244
244 222
1 223
223 245
245 1
223 224
224 246
246 245
245 223
224 225
225 247
247 246
246 224
225 226
226 248
248 247
247 225
226 227
227 249
249 248
248 226
227 228
228 250
250 249
249 227
228 229
229 251
251 250
250 228
229 230
230 252
252 251
251 229
230 231
231 253
253 252
252 230
231 232
232 254
254 253
253 231
232 233
233 255
255 254
254 232
233 234
234 256
256 255
255 233
234 235
235 257
257 256
256 234
235 236
236 258
258 257
257 235
236 237
237 259
259 258
258 236
237 238
238 260
260 259
259 237
238 239
239 261
261 260
260 238
239 240
240 262
262 261
261 239
240 241
241 263
263 262
262 240
241 242
242 264
264 263
263 241
242 243
243 265
265 264
264 242
243 244
244 266
266 265
265 243
244 24
24 266
266 244
1 245
245 267
267 1
245 246
246 268
268 267
267 245
246 247
247 269
269 268
268 246
247 248
248 270
270 269
269 247
248 249
249 271
271 270
270 248
249 250
250 272
272 271
271 249
250 251
251 273
273 272
272 250
251 252
252 274
274 273
273 251
252 253
253 275
275 274
274 252
253 254
254 276
276 275
275 253
254 255
255 277
277 276
276 254
255 256
256 278
278 277
277 255
256 257
257 279
279 278
278 256
257 258
258 280
280 279
279 257
258 259
259 281
281 280
280 258
259 260
260 282
282 281
281 259
260 261
261 283
283 282
282 260
261 262
262 284
284 283
283 261
262 263
263 285
285 284
284 262
263 264
264 286
286 285
285 263
264 265
265 287
287 286
286 264
265 266
266 288
288 287
287 265
266 24
24 288
288 266
1 267
267 289
289 1
267 268
268 290
290 289
289 267
268 269
269 291
291 290
290 268
269 270
270 292
292 291
291 269
270 271
271 293
293 292
292 270
271 272
272 294
294 293
293 271
272 273
273 295
295 294
294 272
273 274
274 296
296 295
295 273
274 275
275 297
297 296
296 274
275 276
276 298
298 297
297 275
276 277
277 299
299 298
298 276
277 278
278 300
300 299
299 277
278 279
279 301
301 300
300 278
279 280
280 302
302 301
301 279
280 281
281 303
303 302
302 280
281 282
282 304
304 303
303 281
282 283
283 305
305 304
304 282
283 284
284 306
306 305
305 283
284 285
285 307
307 306
306 284
285 286
286 308
308 307
307 285
286 287
287 309
309 308
308 286
287 288
288 310
310 309
309 287
288 24
24 310
310 288
1 289
289 311
311 1
289 290
290 312
312 311
311 289
290 291
291 313
313 312
312 290
291 292
292 314
314 313
313 291
292 293
293 315
315 314
314 292
293 294
294 316
316 315
315 293
294 295
295 317
317 316
316 294
295 296
296 318
318 317
317 295
296 297
297 319
319 318
318 296
297 298
298 320
320 319
319 297
298 299
299 321
321 320
320 298
299 300
300 322
322 321
321 299
300 301
301 323
323 322
322 300
301 302
302 324
324 323
323 301
302 303
303 325
325 324
324 302
303 304
304 326
326 325
325 303
304 305
305 327
327 326
326 304
305 306
306 328
328 327
327 305
306 307
307 329
329 328
328 306
307 308
308 330
330 329
329 307
308 309
309 331
331 330
330 308
309 310
310 332
332 331
331 309
310 24
24 332
332 310
1 311
311 333
333 1
311 312
312 334
334 333
333 311
312 313
313 335
335 334
334 312
313 314
314 336
336 335
335 313
314 315
315 337
337 336
336 314
315 316
316 338
338 337
337 315
316 317
317 339
339 338
338 316
317 318
318 340
340 339
339 317
318 319
319 341
341 340
340 318
319 320
320 342
342 341
341 319
320 321
321 343
343 342
342 320
321 322
322 344
344 343
343 321
322 323
323 345
345 344
344 322
323 324
324 346
346 345
345 323
324 325
325 347
347 346
346 324
325 326
326 348
348 347
347 325
326 327
327 349
349 348
348 326
327 328
328 350
350 349
349 327
328 329
329 351
351 350
350 328
329 330
330 352
352 351
351 329
330 331
331 353
353 352
352 330
331 332
332 354
354 353
353 331
332 24
24 354
354 332
1 333
333 355
355 1
333 334
334 356
356 355
355 333
334 335
335 357
357 356
356 334
335 336
336 358
358 357
357 335
336 337
337 359
359 358
358 336
337 338
338 360
360 359
359 337
338 339
339 361
361 360
360 338
339 340
340 362
362 361
361 339
340 341
341 363
363 362
362 340
341 342
342 364
364 363
363 341
342 343
343 365
365 364
364 342
343 344
344 366
366 365
365 343
344 345
345 367
367 366
366 344
345 346
346 368
368 367
367 345
346 347
347 369
369 368
368 346
347 348
348 370
370 369
369 347
348 349
349 371
371 370
370 348
349 350
350 372
372 371
371 349
350 351
351 373
373 372
372 350
351 352
352 374
374 373
373 351
352 353
353 375
375 374
374 352
353 354
354 376
376 375
375 353
354 24
24 376
376 354
1 355
355 377
377 1
355 356
356 378
378 377
377 355
356 357
357 379
379 378
378 356
357 358
358 380
380 379
379 357
358 359
359 381
381 380
380 358
359 360
360 382
382 381
381 359
360 361
361 383
383 382
382 360
361 362
362 384
384 383
383 361
362 363
363 385
385 384
384 362
363 364
364 386
386 385
385 363
364 365
365 387
387 386
386 364
365 366
366 388
388 387
387 365
366 367
367 389
389 388
388 366
367 368
368 390
390 389
389 367
368 369
369 391
391 390
390 368
369 370
370 392
392 391
391 369
370 371
371 393
393 392
392 370
371 372
372 394
394 393
393 371
372 373
373 395
395 394
394 372
373 374
374 396
396 395
395 373
374 375
375 397
397 396
396 374
375 376
376 398
398 397
397 375
376 24
24 398
398 376
1 377
377 399
399 1
377 378
378 400
400 399
399 377
378 379
379 401
401 400
400 378
379 380
380 402
402 401
401 379
380 381
381 403
403 402
402 380
381 382
382 404
404 403
403 381
382 383
383 405
405 404
404 382
383 384
384 406
406 405
405 383
384 385
385 407
407 406
406 384
385 386
386 408
408 407
407 385
386 387
387 409
409 408
408 386
387 388
388 410
410 409
409 387
388 389
389 411
411 410
410 388
389 390
390 412
412 411
411 389
390 391
391 413
413 412
412 390
391 392
392 414
414 413
413 391
392 393
393 415
415 414
414 392
393 394
394 416
416 415
415 393
394 395
395 417
417 416
416 394
395 396
396 418
418 417
417 395
396 397
397 419
419 418
418 396
397 398
398 420
420 419
419 397
398 24
24 420
420 398
1 399
399 421
421 1
399 400
400 422
422 421
421 399
400 401
401 423
423 422
422 400
401 402
402 424
424 423
423 401
402 403
403 425
425 424
424 402
403 404
404 426
426 425
425 403
404 405
405 427
427 426
426 404
405 406
406 428
428 427
427 405
406 407
407 429
429 428
428 406
407 408
408 430
430 429
429 407
408 409
409 431
431 430
430 408
409 410
410 432
432 431
431 409
410 411
411 433
433 432
432 410
411 412
412 434
434 433
433 411
412 413
413 435
435 434
434 412
413 414
414 436
436 435
435 413
414 415
415 437
437 436
436 414
415 416
416 438
438 437
437 415
416 417
417 439
439 438
438 416
417 418
418 440
440 439
439 417
418 419
419 441
441 440
440 418
419 420
420 442
442 441
441 419
420 24
24 442
442 420
1 421
421 443
443 1
421 422
422 444
444 443
443 421
422 423
423 445
445 444
444 422
423 424
424 446
446 445
445 423
424 425
425 447
447 446
446 424
425 426
426 448
448 447
447 425
426 427
427 449
449 448
448 426
427 428
428 450
450 449
449 427
428 429
429 451
451 450
450 428
429 430
430 452
452 451
451 429
430 431
431 453
453 452
452 430
431 432
432 454
454 453
453 431
432 433
433 455
455 454
454 432
433 434
434 456
456 455
455 433
434 435
435 457
457 456
456 434
435 436
436 458
458 457
457 435
436 437
437 459
459 458
458 436
437 438
438 460
460 459
459 437
438 439
439 461
461 460
460 438
439 440
440 462
462 461
461 439
440 441
441 463
463 462
462 440
441 442
442 464
464 463
463 441
442 24
24 464
464 442
1 443
443 465
465 1
443 444
444 466
466 465
465 443
444 445
445 467
467 466
466 444
445 446
446 468
468 467
467 445
446 447
447 469
469 468
468 446
447 448
448 470
470 469
469 447
448 449
449 471
471 470
470 448
449 450
450 472
472 471
471 449
450 451
451 473
473 472
472 450
451 452
452 474
474 473
473 451
452 453
453 475
475 474
474 452
453 454
454 476
476 475
475 453
454 455
455 477
477 476
476 454
455 456
456 478
478 477
477 455
456 457
457 479
479 478
478 456
457 458
458 480
480 479
479 457
458 459
459 481
481 480
480 458
459 460
460 482
482 481
481 459
460 461
461 483
483 482
482 460
461 462
462 484
484 483
483 461
462 463
463 485
485 484
484 462
463 464
464 486
486 485
485 463
464 24
24 486
486 464
1 465
465 487
487 1
465 466
466 488
488 487
487 465
466 467
467 489
489 488
488 466
467 468
468 490
490 489
489 467
468 469
469 491
491 490
490 468
469 470
470 492
492 491
491 469
470 471
471 493
493 492
492 470
471 472
472 494
494 493
493 471
472 473
473 495
495 494
494 472
473 474
474 496
496 495
495 473
474 475
475 497
497 496
496 474
475 476
476 498
498 497
497 475
476 477
477 499
499 498
498 476
477 478
478 500
500 499
499 477
478 479
479 501
501 500
500 478
479 480
480 502
502 501
501 479
480 481
481 503
503 502
502 480
481 482
482 504
504 503
503 481
482 483
483 505
505 504
504 482
483 484
484 506
506 505
505 483
484 485
485 507
507 506
506 484
485 486
486 508
508 507
507 485
486 24
24 508
508 486
1 487
487 509
509 1
487 488
488 510
510 509
509 487
488 489
489 511
511 510
510 488
489 490
490 512
512 511
511 489
490 491
491 513
513 512
512 490
491 492
492 514
514 513
513 491
492 493
493 515
515 514
514 492
493 494
494 516
516 515
515 493
494 495
495 517
517 516
516 494
495 496
496 518
518 517
517 495
496 497
497 519
519 518
518 496
497 498
498 520
520 519
519 497
498 499
499 521
521 520
520 498
499 500
500 522
522 521
521 499
500 501
501 523
523 522
522 500
501 502
502 524
524 523
523 501
502 503
503 525
525 524
524 502
503 504
504 526
526 525
525 503
504 505
505 527
527 526
526 504
505 506
506 528
528 527
527 505
506 507
507 529
529 528
528 506
507 508
508 530
530 529
529 507
508 24
24 530
530 508
1 509
509 531
531 1
509 510
510 532
532 531
531 509
510 511
511 533
533 532
532 510
511 512
512 534
534 533
533 511
512 513
513 535
535 534
534 512
513 514
514 536
536 535
535 513
514 515
515 537
537 536
536 514
515 516
516 538
538 537
537 515
516 517
517 539
539 538
538 516
517 518
518 540
540 539
539 517
518 519
519 541
541 540
540 518
519 520
520 542
542 541
541 519
520 521
521 543
543 542
542 520
521 522
522 544
544 543
543 521
522 523
523 545
545 544
544 522
523 524
524 546
546 545
545 523
524 525
525 547
547 546
546 524
525 526
526 548
548 547
547 525
526 527
527 549
549 548
548 526
527 528
528 550
550 549
549 527
528 529
529 551
551 550
550 528
529 530
530 552
552 551
551 529
530 24
24 552
552 530
1 531
531 553
553 1
531 532
532 554
554 553
553 531
532 533
533 555
555 554
554 532
533 534
534 556
556 555
555 533
534 535
535 557
557 556
556 534
535 536
536 558
558 557
557 535
536 537
537 559
559 558
558 536
537 538
538 560
560 559
559 537
538 539
539 561
561 560
560 538
539 540
540 562
562 561
561 539
540 541
541 563
563 562
562 540
541 542
542 564
564 563
563 541
542 543
543 565
565 564
564 542
543 544
544 566
566 565
565 543
544 545
545 567
567 566
566 544
545 546
546 568
568 567
567 545
546 547
547 569
569 568
568 546
547 548
548 570
570 569
569 547
548 549
549 571
571 570
570 548
549 550
550 572
572 571
571 549
550 551
551 573
573 572
572 550
551 552
552 574
574 573
573 551
552 24
24 574
574 552
1 553
553 575
575 1
553 554
554 576
576 575
575 553
554 555
555 577
577 576
576 554
555 556
556 578
578 577
577 555
556 557
557 579
579 578
578 556
557 558
558 580
580 579
579 557
558 559
559 581
581 580
580 558
559 560
560 582
582 581
581 559
560 561
561 583
583 582
582 560
561 562
562 584
584 583
583 561
562 563
563 585
585 584
584 562
563 564
564 586
586 585
585 563
564 565
565 587
587 586
586 564
565 566
566 588
588 587
587 565
566 567
567 589
589 588
588 566
567 568
568 590
590 589
589 567
568 569
569 591
591 590
590 568
569 570
570 592
592 591
591 569
570 571
571 593
593 592
592 570
571 572
572 594
594 593
593 571
572 573
573 595
595 594
594 572
573 574
574 596
596 595
595 573
574 24
24 596
596 574
1 575
575 597
597 1
575 576
576 598
598 597
597 575
576 577
577 599
599 598
598 576
577 578
578 600
600 599
599 577
578 579
579 601
601 600
600 578
579 580
580 602
602 601
601 579
580 581
581 603
603 602
602 580
581 582
582 604
604 603
603 581
582 583
583 605
605 604
604 582
583 584
584 606
606 605
605 583
584 585
585 607
607 606
606 584
585 586
586 608
608 607
607 585
586 587
587 609
609 608
608 586
587 588
588 610
610 609
609 587
588 589
589 611
611 610
610 588
589 590
590 612
612 611
611 589
590 591
591 613
613 612
612 590
591 592
592 614
614 613
613 591
592 593
593 615
615 614
614 592
593 594
594 616
616 615
615 593
594 595
595 617
617 616
616 594
595 596
596 618
618 617
617 595
596 24
24 618
618 596
1 597
597 619
619 1
597 598
598 620
620 619
619 597
598 599
599 621
621 620
620 598
599 600
600 622
622 621
621 599
600 601
601 623
623 622
622 600
601 602
602 624
624 623
623 601
602 603
603 625
625 624
624 602
603 604
604 626
626 625
625 603
604 605
605 627
627 626
626 604
605 606
606 628
628 627
627 605
606 607
607 629
629 628
628 606
607 608
608 630
630 629
629 607
608 609
609 631
631 630
630 608
609 610
610 632
632 631
631 609
610 611
611 633
633 632
632 610
611 612
612 634
634 633
633 611
612 613
613 635
635 634
634 612
613 614
614 636
636 635
635 613
614 615
615 637
637 636
636 614
615 616
616 638
638 637
637 615
616 617
617 639
639 638
638 616
617 618
618 640
640 639
639 617
618 24
24 640
640 618
1 619
619 641
641 1
619 620
620 642
642 641
641 619
620 621
621 643
643 642
642 620
621 622
622 644
644 643
643 621
622 623
623 645
645 644
644 622
623 624
624 646
646 645
645 623
624 625
625 647
647 646
646 624
625 626
626 648
648 647
647 625
626 627
627 649
649 648
648 626
627 628
628 650
650 649
649 627
628 629
629 651
651 650
650 628
629 630
630 652
652 651
651 629
630 631
631 653
653 652
652 630
631 632
632 654
654 653
653 631
632 633
633 655
655 654
654 632
633 634
634 656
656 655
655 633
634 635
635 657
657 656
656 634
635 636
636 658
658 657
657 635
636 637
637 659
659 658
658 636
637 638
638 660
660 659
659 637
638 639
639 661
661 660
660 638
639 640
640 662
662 661
661 639
640 24
24 662
662 640
1 641
641 663
663 1
641 642
642 664
664 663
663 641
642 643
643 665
665 664
664 642
643 644
644 666
666 665
665 643
644 645
645 667
667 666
666 644
645 646
646 668
668 667
667 645
646 647
647 669
669 668
668 646
647 648
648 670
670 669
669 647
648 649
649 671
671 670
670 648
649 650
650 672
672 671
671 649
650 651
651 673
673 672
672 650
651 652
652 674
674 673
673 651
652 653
653 675
675 674
674 652
653 654
654 676
676 675
675 653
654 655
655 677
677 676
676 654
655 656
656 678
678 677
677 655
656 657
657 679
679 678
678 656
657 658
658 680
680 679
679 657
658 659
659 681
681 680
680 658
659 660
660 682
682 681
681 659
660 661
661 683
683 682
682 660
661 662
662 684
684 683
683 661
662 24
24 684
684 662
1 663
663 685
685 1
663 664
664 686
686 685
685 663
664 665
665 687
687 686
686 664
665 666
666 688
688 687
687 665
666 667
667 689
689 688
688 666
667 668
668 690
690 689
689 667
668 669
669 691
691 690
690 668
669 670
670 692
692 691
691 669
670 671
671 693
693 692
692 670
671 672
672 694
694 693
693 671
672 673
673 695
695 694
694 672
673 674
674 696
696 695
695 673
674 675
675 697
697 696
696 674
675 676
676 698
698 697
697 675
676 677
677 699
699 698
698 676
677 678
678 700
700 699
699 677
678 679
679 701
701 700
700 678
679 680
680 702
702 701
701 679
680 681
681 703
703 702
702 680
681 682
682 704
704 703
703 681
682 683
683 705
705 704
704 682
683 684
684 706
706 705
705 683
684 24
24 706
706 684
1 685
685 707
707 1
685 686
686 708
708 707
707 685
686 687
687 709
709 708
708 686
687 688
688 710
710 709
709 687
688 689
689 711
711 710
710 688
689 690
690 712
712 711
711 689
690 691
691 713
713 712
712 690
691 692
692 714
714 713
713 691
692 693
693 715
715 714
714 692
693 694
694 716
716 715
715 693
694 695
695 717
717 716
716 694
695 696
696 718
718 717
717 695
696 697
697 719
719 718
718 696
697 698
698 720
720 719
719 697
698 699
699 721
721 720
720 698
699 700
700 722
722 721
721 699
700 701
701 723
723 722
722 700
701 702
702 724
724 723
723 701
702 703
703 725
725 724
724 702
703 704
704 726
726 725
725 703
704 705
705 727
727 726
726 704
705 706
706 728
728 727
727 705
706 24
24 728
728 706
1 707
707 729
729 1
707 708
708 730
730 729
729 707
708 709
709 731
731 730
730 708
709 710
710 732
732 731
731 709
710 711
711 733
733 732
732 710
711 712
712 734
734 733
733 711
712 713
713 735
735 734
734 712
713 714
714 736
736 735
735 713
714 715
715 737
737 736
736 714
715 716
716 738
738 737
737 715
716 717
717 739
739 738
738 716
717 718
718 740
740 739
739 717
718 719
719 741
741 740
740 718
719 720
720 742
742 741
741 719
720 721
721 743
743 742
742 720
721 722
722 744
744 743
743 721
722 723
723 745
745 744
744 722
723 724
724 746
746 745
745 723
724 725
725 747
747 746
746 724
725 726
726 748
748 747
747 725
726 727
727 749
749 748
748 726
727 728
728 750
750 749
749 727
728 24
24 750
750 728
1 729
729 751
751 1
729 730
730 752
752 751
751 729
730 731
731 753
753 752
752 730
731 732
732 754
754 753
753 731
732 733
733 755
755 754
754 732
733 734
734 756
756 755
755 733
734 735
735 757
757 756
756 734
735 736
736 758
758 757
757 735
736 737
737 759
759 758
758 736
737 738
738 760
760 759
759 737
738 739
739 761
761 760
760 738
739 740
740 762
762 761
761 739
740 741
741 763
763 762
762 740
741 742
742 764
764 763
763 741
742 743
743 765
765 764
764 742
743 744
744 766
766 765
765 743
744 745
745 767
767 766
766 744
745 746
746 768
768 767
767 745
746 747
747 769
769 768
768 746
747 748
748 770
770 769
769 747
748 749
749 771
771 770
770 748
749 750
750 772
772 771
771 749
750 24
24 772
772 750
1 751
751 773
773 1
751 752
752 774
774 773
773 751
752 753
753 775
775 774
774 752
753 754
754 776
776 775
775 753
754 755
755 777
777 776
776 754
755 756
756 778
778 777
777 755
756 757
757 779
779 778
778 756
757 758
758 780
780 779
779 757
758 759
759 781
781 780
780 758
759 760
760 782
782 781
781 759
760 761
761 783
783 782
782 760
761 762
762 784
784 783
783 761
762 763
763 785
785 784
784 762
763 764
764 786
786 785
785 763
764 765
765 787
787 786
786 764
765 766
766 788
788 787
787 765
766 767
767 789
789 788
788 766
767 768
768 790
790 789
789 767
768 769
769 791
791 790
790 768
769 770
770 792
792 791
791 769
770 771
771 793
793 792
792 770
771 772
772 794
794 793
793 771
772 24
24 794
794 772
1 773
773 2
2 1
773 774
774 3
3 2
2 773
774 775
775 4
4 3
3 774
775 776
776 5
5 4
4 775
776 777
777 6
6 5
5 776
777 778
778 7
7 6
6 777
778 779
779 8
8 7
7 778
779 780
780 9
9 8
8 779
780 781
781 10
10 9
9 780
781 782
782 11
11 10
10 781
782 783
783 12
12 11
11 782
783 784
784 13
13 12
12 783
784 785
785 14
14 13
13 784
785 786
786 15
15 14
14 785
786 787
787 16
16 15
15 786
787 788
788 17
17 16
16 787
788 789
789 18
18 17
17 788
789 790
790 19
19 18
18 789
790 791
791 20
20 19
19 790
791 792
792 21
21 20
20 791
792 793
793 22
22 21
21 792
793 794
794 23
23 22
22 793
794 24
24 23
23 794
795 796
796 799
799 798
798 795
796 797
797 800
800 799
799 796
798 799
799 802
802 801
801 798
799 800
800 803
803 802
802 799
801 802
802 805
805 804
804 801
802 803
803 806
806 805
805 802
804 805
805 808
808 807
807 804
805 806
806 809
809 808
808 805
807 808
808 811
811 810
810 807
808 809
809 812
812 811
811 808
810 811
811 814
814 813
813 810
811 812
812 815
815 814
814 811
813 814
814 817
817 816
816 813
814 815
815 818
818 817
817 814
816 817
817 820
820 819
819 816
817 818
818 821
821 820
820 817
819 820
820 823
823 822
822 819
820 821
821 824
824 823
823 820
822 823
823 826
826 825
825 822
823 824
824 827
827 826
826 823
825 826
826 829
829 828
828 825
826 827
827 830
830 829
829 826
828 829
829 832
832 831
831 828
829 830
830 833
833 832
832 829
831 832
832 835
835 834
834 831
832 833
833 836
836 835
835 832
834 835
835 838
838 837
837 834
835 836
836 839
839 838
838 835
837 838
838 841
841 840
840 837
838 839
839 842
842 841
841 838
840 841
841 844
844 843
843 840
841 842
842 845
845 844
844 841
843 844
844 847
847 846
846 843
844 845
845 848
848 847
847 844
846 847
847 850
850 849
849 846
847 848
848 851
851 850
850 847
849 850
850 853
853 852
852 849
850 851
851 854
854 853
853 850
852 853
853 856
856 855
855 852
853 854
854 857
857 856
856 853
855 856
856 859
859 858
858 855
856 857
857 860
860 859
859 856
858 859
859 862
862 861
861 858
859 860
860 863
863 862
862 859
861 862
862 865
865 864
864 861
862 863
863 866
866 865
865 862
864 865
865 796
796 795
795 864
865 866
866 797
797 796
796 865
867 868
868 869
869 867
869 868
868 870
870 869
870 868
868 871
871 870
871 868
868 872
872 871
872 868
868 873
873 872
873 868
868 874
874 873
874 868
868 875
875 874
875 868
868 876
876 875
876 868
868 877
877 876
877 868
868 878
878 877
878 868
868 879
879 878
879 868
868 880
880 879
880 868
868 881
881 880
881 868
868 882
882 881
882 868
868 883
883 882
883 868
868 884
884 883
884 868
868 885
885 884
885 868
868 886
886 885
886 868
868 887
887 886
887 868
868 888
888 887
888 868
868 889
889 888
889 868
868 890
890 889
890 868
868 891
891 890
891 868
868 867
867 891
